1    1    1
3
4   20  100  10
30
1    1   23   2  (1,2),(3,4)
1    2   6    0
2    3    15   5  (10,6),(30,14),(40,8),(50,4),(57,1)
2    4   24   0
3    5    12   2   (1,20),(84,17)
3    6    16   5   (12,7),(34,13),(44,2),(52,5),(56,10)
4    7    27   0
4    8   1    0
5    9    3    0
5    10   9    0
7    11   44   0
7    12   10   2   (1,10),(50,13)
8    13   19   0
9    14   6    0
9    15   20   0
10   16   57   0
10   17   49   0
11   18   34   5   (15,9),(37,10),(47,4),(53,9),(59,2)
12   19   18   0
12   20   85   0
13   21   40   2   (2,15),(74,14)
13   22   59   0
14   23   72   0
15   24   35   0
16   25   17   0
17   26   13   0
18   27   12   0
19   28   18   0
20   29   69   0
22   30   4     1     (7,9)
