5    4    2
3
4   20  100  10
30
1    5    23   2  (1,2),(3,4)
1    19   6    0
2    7    15   5  (10,6),(30,14),(40,8),(50,4),(57,1)
2    21   24   0
3    1    12   2   (1,20),(84,17)
3    2    16   5   (12,7),(34,13),(44,2),(52,5),(56,10)
4    6    27   0
4    20   1    0
5    3    3    0
5    17   9    0
7    4    44   0
7    18   10   2   (1,10),(50,13)
8    22   19   0
9    16   6    0
9    26   20   0
10   9    57   0
10   28   49   0
11   27   34   5   (15,9),(37,10),(47,4),(53,9),(59,2)
12   11   18   0
12   29   85   0
13   12   40   2   (2,15),(74,14)
13   30   59   0
14   10   72   0
15   13   35   0
16   15   17   0
17   14   13   0
18   23   12   0
19   24   18   0
20   25   69   0

