5    4    2
3
4   20  100  10
30
3    1  200   2   (1,20),(84,17)
3    2   56   5   (12,7),(34,13),(44,2),(52,5),(56,10)
5    3  134   0
7    4  150   4
1    5  100   3
4    6   80   1
2    7  145   9   (10,6),(30,14),(40,8),(50,4),(57,1)
10   9   57   7
14  10   72   8
12  11   98  10
13  12  140  12   (2,15),(74,14)
15  13   75  11
17  14  113  19
16  15  107  18
9   16   60   2
5   17   90   5
7   18  140   0   (1,10),(50,13)
1   19   63   4
4   20   51   3
2   21   88   1
8   22  109   9
18  23  120   6
19  24  180   7
20  25  179  10
9   26  120  12
11   27  134  14  (15,9),(37,10),(47,4),(59,2),(53,9)
10   28  149  15
12   29   85  13
13   30  159  11
